--// This file was created by XHider https://discord.com/invite/E2N7w35zkt

hookfunction(require((game:GetService("ReplicatedStorage")).Effect.Container.Death), function()
 
end);
hookfunction(require((game:GetService("ReplicatedStorage")).Effect.Container.Respawn), function()
 
end);
if game.PlaceId == 2753915549 or game.PlaceId == 85211729168715 then
	World1 = true;
elseif game.PlaceId == 4442272183 or game.PlaceId == 79091703265657 then
	World2 = true;
elseif game.PlaceId == 7449423635 or game.PlaceId == 100117331123089 then
	World3 = true;
end;
function MaterialMon()
	if _G.SelectMaterial ~= "Radiactive Material" then
		if _G.SelectMaterial ~= "Leather + Scrap Metal" then
			if _G.SelectMaterial ~= "Magma Ore" then
				if _G.SelectMaterial ~= "Fish Tail" then
					if _G.SelectMaterial == "Angel Wings" then
						MMon = "Royal Soldier";
						MPos = CFrame.new(-7759.45898, 5606.93652, -1862.70276, -0.866007447, 0, -0.500031412, 0, 1, 0, .500031412, 0, -0.866007447);
						SP = "SkyArea2";
					elseif _G.SelectMaterial == "Mystic Droplet" then
						MMon = "Water Fighter";
						MPos = CFrame.new(-3331.70459, 239.138336, -10553.3564, -0.29242146, 0, .95628953, 0, 1, 0, -0.95628953, 0, -0.29242146);
						SP = "ForgottenIsland";
					elseif _G.SelectMaterial == "Vampire Fang" then
						MMon = "Vampire";
						MPos = CFrame.new(-6132.39453, 9.00769424, -1466.16919, -0.927179813, 0, -0.374617696, 0, 1, 0, .374617696, 0, -0.927179813);
						SP = "Graveyard";
					elseif _G.SelectMaterial == "Gunpowder" then
						MMon = "Pistol Billionaire";
						MPos = CFrame.new(-185.693283, 84.7088699, 6103.62744, .90629667, 0, -0.422642082, 0, 1, 0, .422642082, 0, .90629667);
						SP = "Mansion";
					elseif _G.SelectMaterial ~= "Mini Tusk" then
						if _G.SelectMaterial == "Conjured Cocoa" then
							MMon = "Chocolate Bar Battler";
							MPos = CFrame.new(582.828674, 25.5824986, -12550.7041, -0.766061664, 0, -0.642767608, 0, 1, 0, .642767608, 0, -0.766061664);
							SP = "Chocolate";
						end;
					else
						MMon = "Mythological Pirate";
						MPos = CFrame.new(-13456.0498, 469.433228, -7039.96436, 0, 0, 1, 0, 1, 0, -1, 0, 0);
						SP = "BigMansion";
					end;
				elseif game.PlaceId == 2753915549 then
					MMon = "Fishman Warrior";
					MPos = CFrame.new(60943.9023, 17.9492188, 1744.11133, .826706648, 0, -0.562633216, 0, 1, 0, .562633216, 0, .826706648);
					SP = "Underwater City";
					MMon = "Fishman Commando";
					MPos = CFrame.new(61760.8984, 18.0800781, 1460.11133, -0.632549644, 0, -0.774520278, 0, 1, 0, .774520278, 0, -0.632549644);
					SP = "Underwater City";
				elseif game.PlaceId == 7449423635 then
					MMon = "Fishman Captain";
					MPos = CFrame.new(-10828.1064, 331.825989, -9049.14648, -0.0912091732, 0, .995831788, 0, 1, 0, -0.995831788, 0, -0.0912091732);
					SP = "PineappleTown";
				end;
			elseif game.PlaceId == 2753915549 then
				MMon = "Military Soldier";
				MPos = CFrame.new(-5565.60156, 9.10001755, 8327.56934, -0.838688731, 0, -0.544611216, 0, 1, 0, .544611216, 0, -0.838688731);
				SP = "Magma";
				MMon = "Military Spy";
				MPos = CFrame.new(-5806.70068, 78.5000458, 8904.46973, .707134247, 0, .707079291, 0, 1, 0, -0.707079291, 0, .707134247);
				SP = "Magma";
			elseif game.PlaceId == 4442272183 then
				MMon = "Lava Pirate";
				MPos = CFrame.new(-5158.77051, 14.4791956, -4654.2627, -0.848060489, 0, -0.529899538, 0, 1, 0, .529899538, 0, -0.848060489);
				SP = "CircleIslandFire";
			end;
		elseif game.PlaceId == 2753915549 then
			MMon = "Pirate";
			MPos = CFrame.new(-967.433105, 13.5999937, 4034.24707, -0.258864403, 0, -0.965913713, 0, 1, 0, .965913713, 0, -0.258864403);
			SP = "Pirate";
			MMon = "Brute";
			MPos = CFrame.new(-1191.41235, 15.5999985, 4235.50928, .629286051, 0, -0.777173758, 0, 1, 0, .777173758, 0, .629286051);
			SP = "Pirate";
		elseif game.PlaceId ~= 4442272183 then
			if game.PlaceId == 7449423635 then
				MMon = "Pirate Millionaire";
				MPos = CFrame.new(-118.809372, 55.4874573, 5649.17041, -0.965929747, 0, .258804798, 0, 1, 0, -0.258804798, 0, -0.965929747);
				SP = "Default";
			end;
		else
			MMon = "Mercenary";
			MPos = CFrame.new(-986.774475, 72.8755951, 1088.44653, -0.656062722, 0, .754706323, 0, 1, 0, -0.754706323, 0, -0.656062722);
			SP = "DressTown";
		end;
	else
		MMon = "Factory Staff";
		MPos = CFrame.new(-105.889565, 72.8076935, -670.247986, -0.965929747, 0, -0.258804798, 0, 1, 0, .258804798, 0, -0.965929747);
		SP = "Bar";
	end;
end;
function CheckQuest()
	MyLevel = (game:GetService("Players")).LocalPlayer.Data.Level.Value;
	if World1 then
		if MyLevel >= 1 and MyLevel <= 9 or SelectMonster == "Bandit" then
			Mon = "Bandit";
			LevelQuest = 1;
			NameQuest = "BanditQuest1";
			NameMon = "Bandit";
			CFrameQuest = CFrame.new(1059.37195, 15.4495068, 1550.4231, .939700544, 0, -0.341998369, 0, 1, 0, .341998369, 0, .939700544);
			CFrameMon = CFrame.new(1045.9626464844, 27.002508163452, 1560.8203125);
		elseif (MyLevel < 10 or MyLevel > 14) and SelectMonster ~= "Monkey" then
			if (MyLevel < 15 or MyLevel > 29) and SelectMonster ~= "Gorilla" then
				if (MyLevel < 30 or MyLevel > 39) and SelectMonster ~= "Pirate" then
					if (MyLevel < 40 or MyLevel > 59) and SelectMonster ~= "Brute" then
						if MyLevel >= 60 and MyLevel <= 74 or SelectMonster == "Desert Bandit" then
							Mon = "Desert Bandit";
							LevelQuest = 1;
							NameQuest = "DesertQuest";
							NameMon = "Desert Bandit";
							CFrameQuest = CFrame.new(894.488647, 5.14000702, 4392.43359, .819155693, 0, -0.573571265, 0, 1, 0, .573571265, 0, .819155693);
							CFrameMon = CFrame.new(924.7998046875, 6.4486746788025, 4481.5859375);
						elseif (MyLevel < 75 or MyLevel > 89) and SelectMonster ~= "Desert Officer" then
							if (MyLevel < 90 or MyLevel > 99) and SelectMonster ~= "Snow Bandit" then
								if MyLevel >= 100 and MyLevel <= 119 or SelectMonster == "Snowman" then
									Mon = "Snowman";
									LevelQuest = 2;
									NameQuest = "SnowQuest";
									NameMon = "Snowman";
									CFrameQuest = CFrame.new(1389.74451, 88.1519318, -1298.90796, -0.342042685, 0, .939684391, 0, 1, 0, -0.939684391, 0, -0.342042685);
									CFrameMon = CFrame.new(1201.6412353516, 144.57958984375, -1550.0670166016);
								elseif (MyLevel < 120 or MyLevel > 149) and SelectMonster ~= "Chief Petty Officer" then
									if (MyLevel < 150 or MyLevel > 174) and SelectMonster ~= "Sky Bandit" then
										if (MyLevel < 175 or MyLevel > 189) and SelectMonster ~= "Dark Master" then
											if MyLevel >= 190 and MyLevel <= 209 or SelectMonster == "Prisoner" then
												Mon = "Prisoner";
												LevelQuest = 1;
												NameQuest = "PrisonerQuest";
												NameMon = "Prisoner";
												CFrameQuest = CFrame.new(5308.93115, 1.65517521, 475.120514, -0.0894274712, -5.00292918e-09, -0.995993316, 1.60817859e-09, 1, -5.16744869e-09, .995993316, -2.06384709e-09, -0.0894274712);
												CFrameMon = CFrame.new(5098.9736328125, -0.3204058110714, 474.23733520508);
											elseif (MyLevel < 210 or MyLevel > 249) and SelectMonster ~= "Dangerous Prisone" then
												if MyLevel >= 250 and MyLevel <= 274 or SelectMonster == "Toga Warrior" then
													Mon = "Toga Warrior";
													LevelQuest = 1;
													NameQuest = "ColosseumQuest";
													NameMon = "Toga Warrior";
													CFrameQuest = CFrame.new(-1580.04663, 6.35000277, -2986.47534, -0.515037298, 0, -0.857167721, 0, 1, 0, .857167721, 0, -0.515037298);
													CFrameMon = CFrame.new(-1820.21484375, 51.683856964111, -2740.6650390625);
												elseif (MyLevel < 275 or MyLevel > 299) and SelectMonster ~= "Gladiator" then
													if (MyLevel < 300 or MyLevel > 324) and SelectMonster ~= "Military Soldier" then
														if (MyLevel < 325 or MyLevel > 374) and SelectMonster ~= "Military Spy" then
															if (MyLevel < 375 or MyLevel > 399) and SelectMonster ~= "Fishman Warrior" then
																if (MyLevel < 400 or MyLevel > 449) and SelectMonster ~= "Fishman Commando" then
																	if MyLevel >= 450 and MyLevel <= 474 or SelectMonster == "God\'s Guard" then
																		Mon = "God\'s Guard";
																		LevelQuest = 1;
																		NameQuest = "SkyExp1Quest";
																		NameMon = "God\'s Guard";
																		CFrameQuest = CFrame.new(-4721.88867, 843.874695, -1949.96643, .996191859, 0, -0.0871884301, 0, 1, 0, .0871884301, 0, .996191859);
																		CFrameMon = CFrame.new(-4710.04296875, 845.27697753906, -1927.3079833984);
																		if _G.AutoFarm and (CFrameQuest.Position - game.Players.LocalPlayer.Character.HumanoidRootPart.Position).Magnitude > 10000 then
																			(game:GetService("ReplicatedStorage")).Remotes.CommF_:InvokeServer("requestEntrance", Vector3.new(-4607.82275, 872.54248, -1667.55688));
																		end;
																	elseif MyLevel >= 475 and MyLevel <= 524 or SelectMonster == "Shanda" then
																		Mon = "Shanda";
																		LevelQuest = 2;
																		NameQuest = "SkyExp1Quest";
																		NameMon = "Shanda";
																		CFrameQuest = CFrame.new(-7859.09814, 5544.19043, -381.476196, -0.422592998, 0, .906319618, 0, 1, 0, -0.906319618, 0, -0.422592998);
																		CFrameMon = CFrame.new(-7678.4897460938, 5566.4038085938, -497.21560668945);
																		if _G.AutoFarm and (CFrameQuest.Position - game.Players.LocalPlayer.Character.HumanoidRootPart.Position).Magnitude > 10000 then
																			(game:GetService("ReplicatedStorage")).Remotes.CommF_:InvokeServer("requestEntrance", Vector3.new(-7894.6176757813, 5547.1416015625, -380.29119873047));
																		end;
																	elseif MyLevel >= 525 and MyLevel <= 549 or SelectMonster == "Royal Squad" then
																		Mon = "Royal Squad";
																		LevelQuest = 1;
																		NameQuest = "SkyExp2Quest";
																		NameMon = "Royal Squad";
																		CFrameQuest = CFrame.new(-7906.81592, 5634.6626, -1411.99194, 0, 0, -1, 0, 1, 0, 1, 0, 0);
																		CFrameMon = CFrame.new(-7624.2524414062, 5658.1333007812, -1467.3542480469);
																	elseif (MyLevel < 550 or MyLevel > 624) and SelectMonster ~= "Royal Soldier" then
																		if MyLevel >= 625 and MyLevel <= 649 or SelectMonster == "Galley Pirate" then
																			Mon = "Galley Pirate";
																			LevelQuest = 1;
																			NameQuest = "FountainQuest";
																			NameMon = "Galley Pirate";
																			CFrameQuest = CFrame.new(5259.81982, 37.3500175, 4050.0293, .087131381, 0, .996196866, 0, 1, 0, -0.996196866, 0, .087131381);
																			CFrameMon = CFrame.new(5551.0219726562, 78.901351928711, 3930.4128417969);
																		elseif MyLevel >= 650 or SelectMonster == "Galley Captain" then
																			Mon = "Galley Captain";
																			LevelQuest = 2;
																			NameQuest = "FountainQuest";
																			NameMon = "Galley Captain";
																			CFrameQuest = CFrame.new(5259.81982, 37.3500175, 4050.0293, .087131381, 0, .996196866, 0, 1, 0, -0.996196866, 0, .087131381);
																			CFrameMon = CFrame.new(5441.9516601562, 42.502059936523, 4950.09375);
																		end;
																	else
																		Mon = "Royal Soldier";
																		LevelQuest = 2;
																		NameQuest = "SkyExp2Quest";
																		NameMon = "Royal Soldier";
																		CFrameQuest = CFrame.new(-7906.81592, 5634.6626, -1411.99194, 0, 0, -1, 0, 1, 0, 1, 0, 0);
																		CFrameMon = CFrame.new(-7836.7534179688, 5645.6640625, -1790.6236572266);
																	end;
																else
																	Mon = "Fishman Commando";
																	LevelQuest = 2;
																	NameQuest = "FishmanQuest";
																	NameMon = "Fishman Commando";
																	CFrameQuest = CFrame.new(61122.65234375, 18.497442245483, 1569.3997802734);
																	CFrameMon = CFrame.new(61922.6328125, 18.482830047607, 1493.9343261719);
																	if _G.AutoFarm and (CFrameQuest.Position - game.Players.LocalPlayer.Character.HumanoidRootPart.Position).Magnitude > 10000 then
																		(game:GetService("ReplicatedStorage")).Remotes.CommF_:InvokeServer("requestEntrance", Vector3.new(61163.8515625, 11.6796875, 1819.7841796875));
																	end;
																end;
															else
																Mon = "Fishman Warrior";
																LevelQuest = 1;
																NameQuest = "FishmanQuest";
																NameMon = "Fishman Warrior";
																CFrameQuest = CFrame.new(61122.65234375, 18.497442245483, 1569.3997802734);
																CFrameMon = CFrame.new(60878.30078125, 18.482830047607, 1543.7574462891);
																if _G.AutoFarm and (CFrameQuest.Position - game.Players.LocalPlayer.Character.HumanoidRootPart.Position).Magnitude > 10000 then
																	(game:GetService("ReplicatedStorage")).Remotes.CommF_:InvokeServer("requestEntrance", Vector3.new(61163.8515625, 11.6796875, 1819.7841796875));
																end;
															end;
														else
															Mon = "Military Spy";
															LevelQuest = 2;
															NameQuest = "MagmaQuest";
															NameMon = "Military Spy";
															CFrameQuest = CFrame.new(-5313.37012, 10.9500084, 8515.29395, -0.499959469, 0, .866048813, 0, 1, 0, -0.866048813, 0, -0.499959469);
															CFrameMon = CFrame.new(-5802.8681640625, 86.262413024902, 8828.859375);
														end;
													else
														Mon = "Military Soldier";
														LevelQuest = 1;
														NameQuest = "MagmaQuest";
														NameMon = "Military Soldier";
														CFrameQuest = CFrame.new(-5313.37012, 10.9500084, 8515.29395, -0.499959469, 0, .866048813, 0, 1, 0, -0.866048813, 0, -0.499959469);
														CFrameMon = CFrame.new(-5411.1645507812, 11.081554412842, 8454.29296875);
													end;
												else
													Mon = "Gladiator";
													LevelQuest = 2;
													NameQuest = "ColosseumQuest";
													NameMon = "Gladiator";
													CFrameQuest = CFrame.new(-1580.04663, 6.35000277, -2986.47534, -0.515037298, 0, -0.857167721, 0, 1, 0, .857167721, 0, -0.515037298);
													CFrameMon = CFrame.new(-1292.8381347656, 56.380882263184, -3339.0314941406);
												end;
											else
												Mon = "Dangerous Prisoner";
												LevelQuest = 2;
												NameQuest = "PrisonerQuest";
												NameMon = "Dangerous Prisoner";
												CFrameQuest = CFrame.new(5308.93115, 1.65517521, 475.120514, -0.0894274712, -5.00292918e-09, -0.995993316, 1.60817859e-09, 1, -5.16744869e-09, .995993316, -2.06384709e-09, -0.0894274712);
												CFrameMon = CFrame.new(5654.5634765625, 15.633401870728, 866.29919433594);
											end;
										else
											Mon = "Dark Master";
											LevelQuest = 2;
											NameQuest = "SkyQuest";
											NameMon = "Dark Master";
											CFrameQuest = CFrame.new(-4839.53027, 716.368591, -2619.44165, .866007268, 0, .500031412, 0, 1, 0, -0.500031412, 0, .866007268);
											CFrameMon = CFrame.new(-5259.8447265625, 391.39767456055, -2229.0354003906);
										end;
									else
										Mon = "Sky Bandit";
										LevelQuest = 1;
										NameQuest = "SkyQuest";
										NameMon = "Sky Bandit";
										CFrameQuest = CFrame.new(-4839.53027, 716.368591, -2619.44165, .866007268, 0, .500031412, 0, 1, 0, -0.500031412, 0, .866007268);
										CFrameMon = CFrame.new(-4953.20703125, 295.74420166016, -2899.2290039062);
									end;
								else
									Mon = "Chief Petty Officer";
									LevelQuest = 1;
									NameQuest = "MarineQuest2";
									NameMon = "Chief Petty Officer";
									CFrameQuest = CFrame.new(-5039.58643, 27.3500385, 4324.68018, 0, 0, -1, 0, 1, 0, 1, 0, 0);
									CFrameMon = CFrame.new(-4881.2309570312, 22.652044296265, 4273.7524414062);
								end;
							else
								Mon = "Snow Bandit";
								LevelQuest = 1;
								NameQuest = "SnowQuest";
								NameMon = "Snow Bandit";
								CFrameQuest = CFrame.new(1389.74451, 88.1519318, -1298.90796, -0.342042685, 0, .939684391, 0, 1, 0, -0.939684391, 0, -0.342042685);
								CFrameMon = CFrame.new(1354.3479003906, 87.272773742676, -1393.9465332031);
							end;
						else
							Mon = "Desert Officer";
							LevelQuest = 2;
							NameQuest = "DesertQuest";
							NameMon = "Desert Officer";
							CFrameQuest = CFrame.new(894.488647, 5.14000702, 4392.43359, .819155693, 0, -0.573571265, 0, 1, 0, .573571265, 0, .819155693);
							CFrameMon = CFrame.new(1608.2822265625, 8.6142244338989, 4371.0073242188);
						end;
					else
						Mon = "Brute";
						LevelQuest = 2;
						NameQuest = "BuggyQuest1";
						NameMon = "Brute";
						CFrameQuest = CFrame.new(-1141.07483, 4.10001802, 3831.5498, .965929627, 0, -0.258804798, 0, 1, 0, .258804798, 0, .965929627);
						CFrameMon = CFrame.new(-1140.0837402344, 14.809885025024, 4322.9213867188);
					end;
				else
					Mon = "Pirate";
					LevelQuest = 1;
					NameQuest = "BuggyQuest1";
					NameMon = "Pirate";
					CFrameQuest = CFrame.new(-1141.07483, 4.10001802, 3831.5498, .965929627, 0, -0.258804798, 0, 1, 0, .258804798, 0, .965929627);
					CFrameMon = CFrame.new(-1103.5134277344, 13.752052307129, 3896.0910644531);
				end;
			else
				Mon = "Gorilla";
				LevelQuest = 2;
				NameQuest = "JungleQuest";
				NameMon = "Gorilla";
				CFrameQuest = CFrame.new(-1598.08911, 35.5501175, 153.377838, 0, 0, 1, 0, 1, 0, -1, 0, 0);
				CFrameMon = CFrame.new(-1129.8836669922, 40.46354675293, -525.42370605469);
			end;
		else
			Mon = "Monkey";
			LevelQuest = 1;
			NameQuest = "JungleQuest";
			NameMon = "Monkey";
			CFrameQuest = CFrame.new(-1598.08911, 35.5501175, 153.377838, 0, 0, 1, 0, 1, 0, -1, 0, 0);
			CFrameMon = CFrame.new(-1448.5180664062, 67.853012084961, 11.465796470642);
		end;
	elseif not World2 then
		if World3 then
			if MyLevel >= 1500 and MyLevel <= 1524 or SelectMonster == "Pirate Millionaire" then
				Mon = "Pirate Millionaire";
				LevelQuest = 1;
				NameQuest = "PiratePortQuest";
				NameMon = "Pirate Millionaire";
				CFrameQuest = CFrame.new(-450.104645, 107.681458, 5950.72607, .957107544, 0, -0.289732844, 0, 1, 0, .289732844, 0, .957107544);
				CFrameMon = CFrame.new(-245.99638366699, 47.30615234375, 5584.1005859375);
			elseif (MyLevel < 1525 or MyLevel > 1574) and SelectMonster ~= "Pistol Billionaire" then
				if MyLevel >= 1575 and MyLevel <= 1599 or SelectMonster == "Dragon Crew Warrior" then
					Mon = "Dragon Crew Warrior";
					LevelQuest = 1;
					NameQuest = "DragonCrewQuest";
					NameMon = "Dragon Crew Warrior";
					CFrameQuest = CFrame.new(6750.4931640625, 127.44916534424, -711.03088378906);
					CFrameMon = CFrame.new(6709.76367, 52.3442993, -1139.02966, -0.763515472, 0, .645789504, 0, 1, 0, -0.645789504, 0, -0.763515472);
				elseif MyLevel >= 1600 and MyLevel <= 1624 or SelectMonster == "Dragon Crew Archer" then
					Mon = "Dragon Crew Archer";
					NameQuest = "DragonCrewQuest";
					LevelQuest = 2;
					NameMon = "Dragon Crew Archer";
					CFrameQuest = CFrame.new(6750.4931640625, 127.44916534424, -711.03088378906);
					CFrameMon = CFrame.new(6668.76172, 481.376923, 329.12207, -0.121787429, 0, -0.992556155, 0, 1, 0, .992556155, 0, -0.121787429);
				elseif (MyLevel < 1625 or MyLevel > 1649) and SelectMonster ~= "Hydra Enforcer" then
					if (MyLevel < 1650 or MyLevel > 1699) and SelectMonster ~= "Venomous Assailant" then
						if (MyLevel < 1700 or MyLevel > 1724) and SelectMonster ~= "Marine Commodore" then
							if (MyLevel < 1725 or MyLevel > 1774) and SelectMonster ~= "Marine Rear Admiral" then
								if (MyLevel < 1775 or MyLevel > 1799) and SelectMonster ~= "Fishman Raider" then
									if MyLevel >= 1800 and MyLevel <= 1824 or SelectMonster == "Fishman Captain" then
										Mon = "Fishman Captain";
										LevelQuest = 2;
										NameQuest = "DeepForestIsland3";
										NameMon = "Fishman Captain";
										CFrameQuest = CFrame.new(-10581.6563, 330.872955, -8761.18652, -0.882952213, 0, .469463557, 0, 1, 0, -0.469463557, 0, -0.882952213);
										CFrameMon = CFrame.new(-10994.701171875, 352.38140869141, -9002.1103515625);
									elseif (MyLevel < 1825 or MyLevel > 1849) and SelectMonster ~= "Forest Pirate" then
										if (MyLevel < 1850 or MyLevel > 1899) and SelectMonster ~= "Mythological Pirate" then
											if MyLevel >= 1900 and MyLevel <= 1924 or SelectMonster == "Jungle Pirate" then
												Mon = "Jungle Pirate";
												LevelQuest = 1;
												NameQuest = "DeepForestIsland2";
												NameMon = "Jungle Pirate";
												CFrameQuest = CFrame.new(-12680.3818, 389.971039, -9902.01953, -0.0871315002, 0, .996196866, 0, 1, 0, -0.996196866, 0, -0.0871315002);
												CFrameMon = CFrame.new(-12256.16015625, 331.73828125, -10485.836914062);
											elseif MyLevel >= 1925 and MyLevel <= 1974 or SelectMonster == "Musketeer Pirate" then
												Mon = "Musketeer Pirate";
												LevelQuest = 2;
												NameQuest = "DeepForestIsland2";
												NameMon = "Musketeer Pirate";
												CFrameQuest = CFrame.new(-12680.3818, 389.971039, -9902.01953, -0.0871315002, 0, .996196866, 0, 1, 0, -0.996196866, 0, -0.0871315002);
												CFrameMon = CFrame.new(-13457.904296875, 391.54565429688, -9859.177734375);
											elseif MyLevel >= 1975 and MyLevel <= 1999 or SelectMonster == "Reborn Skeleton" then
												Mon = "Reborn Skeleton";
												LevelQuest = 1;
												NameQuest = "HauntedQuest1";
												NameMon = "Reborn Skeleton";
												CFrameQuest = CFrame.new(-9479.2168, 141.215088, 5566.09277, 0, 0, 1, 0, 1, 0, -1, 0, 0);
												CFrameMon = CFrame.new(-8763.7236328125, 165.72299194336, 6159.8618164062);
											elseif (MyLevel < 2000 or MyLevel > 2024) and SelectMonster ~= "Living Zombie" then
												if MyLevel >= 2025 and MyLevel <= 2049 or SelectMonster == "Demonic Soul" then
													Mon = "Demonic Soul";
													LevelQuest = 1;
													NameQuest = "HauntedQuest2";
													NameMon = "Demonic Soul";
													CFrameQuest = CFrame.new(-9516.99316, 172.017181, 6078.46533, 0, 0, -1, 0, 1, 0, 1, 0, 0);
													CFrameMon = CFrame.new(-9505.8720703125, 172.10482788086, 6158.9931640625);
												elseif MyLevel >= 2050 and MyLevel <= 2074 or SelectMonster == "Posessed Mummy" then
													Mon = "Posessed Mummy";
													LevelQuest = 2;
													NameQuest = "HauntedQuest2";
													NameMon = "Posessed Mummy";
													CFrameQuest = CFrame.new(-9516.99316, 172.017181, 6078.46533, 0, 0, -1, 0, 1, 0, 1, 0, 0);
													CFrameMon = CFrame.new(-9582.0224609375, 6.2515273094177, 6205.478515625);
												elseif (MyLevel < 2075 or MyLevel > 2099) and SelectMonster ~= "Peanut Scout" then
													if MyLevel >= 2100 and MyLevel <= 2124 or SelectMonster == "Peanut President" then
														Mon = "Peanut President";
														LevelQuest = 2;
														NameQuest = "NutsIslandQuest";
														NameMon = "Peanut President";
														CFrameQuest = CFrame.new(-2104.3908691406, 38.104167938232, -10194.21875, 0, 0, -1, 0, 1, 0, 1, 0, 0);
														CFrameMon = CFrame.new(-1859.3540039062, 38.103168487549, -10422.4296875);
													elseif MyLevel >= 2125 and MyLevel <= 2149 or SelectMonster == "Ice Cream Chef" then
														Mon = "Ice Cream Chef";
														LevelQuest = 1;
														NameQuest = "IceCreamIslandQuest";
														NameMon = "Ice Cream Chef";
														CFrameQuest = CFrame.new(-820.64825439453, 65.819526672363, -10965.795898438, 0, 0, -1, 0, 1, 0, 1, 0, 0);
														CFrameMon = CFrame.new(-872.24658203125, 65.81957244873, -10919.95703125);
													elseif MyLevel >= 2150 and MyLevel <= 2199 or SelectMonster == "Ice Cream Commander" then
														Mon = "Ice Cream Commander";
														LevelQuest = 2;
														NameQuest = "IceCreamIslandQuest";
														NameMon = "Ice Cream Commander";
														CFrameQuest = CFrame.new(-820.64825439453, 65.819526672363, -10965.795898438, 0, 0, -1, 0, 1, 0, 1, 0, 0);
														CFrameMon = CFrame.new(-558.06103515625, 112.04895782471, -11290.774414062);
													elseif MyLevel >= 2200 and MyLevel <= 2224 or SelectMonster == "Cookie Crafter" then
														Mon = "Cookie Crafter";
														LevelQuest = 1;
														NameQuest = "CakeQuest1";
														NameMon = "Cookie Crafter";
														CFrameQuest = CFrame.new(-2021.32007, 37.7982254, -12028.7295, .957576931, -8.80302053e-08, .288177818, 6.9301187e-08, 1, 7.51931211e-08, -0.288177818, -5.2032135e-08, .957576931);
														CFrameMon = CFrame.new(-2374.13671875, 37.798263549805, -12125.30859375);
													elseif (MyLevel < 2225 or MyLevel > 2249) and SelectMonster ~= "Cake Guard" then
														if MyLevel >= 2250 and MyLevel <= 2274 or SelectMonster == "Baking Staff" then
															Mon = "Baking Staff";
															LevelQuest = 1;
															NameQuest = "CakeQuest2";
															NameMon = "Baking Staff";
															CFrameQuest = CFrame.new(-1927.91602, 37.7981339, -12842.5391, -0.96804446, 4.22142143e-08, .250778586, 4.74911062e-08, 1, 1.49904711e-08, -0.250778586, 2.64211941e-08, -0.96804446);
															CFrameMon = CFrame.new(-1887.8099365234, 77.618507385254, -12998.350585938);
														elseif MyLevel >= 2275 and MyLevel <= 2299 or SelectMonster == "Head Baker" then
															Mon = "Head Baker";
															LevelQuest = 2;
															NameQuest = "CakeQuest2";
															NameMon = "Head Baker";
															CFrameQuest = CFrame.new(-1927.91602, 37.7981339, -12842.5391, -0.96804446, 4.22142143e-08, .250778586, 4.74911062e-08, 1, 1.49904711e-08, -0.250778586, 2.64211941e-08, -0.96804446);
															CFrameMon = CFrame.new(-2216.1882324219, 82.884521484375, -12869.293945312);
														elseif (MyLevel < 2300 or MyLevel > 2324) and SelectMonster ~= "Cocoa Warrior" then
															if MyLevel >= 2325 and MyLevel <= 2349 or SelectMonster == "Chocolate Bar Battler" then
																Mon = "Chocolate Bar Battler";
																LevelQuest = 2;
																NameQuest = "ChocQuest1";
																NameMon = "Chocolate Bar Battler";
																CFrameQuest = CFrame.new(233.22836303711, 29.876001358032, -12201.233398438);
																CFrameMon = CFrame.new(582.59057617188, 77.188095092773, -12463.162109375);
															elseif MyLevel >= 2350 and MyLevel <= 2374 or SelectMonster == "Sweet Thief" then
																Mon = "Sweet Thief";
																LevelQuest = 1;
																NameQuest = "ChocQuest2";
																NameMon = "Sweet Thief";
																CFrameQuest = CFrame.new(150.50663757324, 30.693693161011, -12774.502929688);
																CFrameMon = CFrame.new(165.1884765625, 76.058853149414, -12600.836914062);
															elseif MyLevel >= 2375 and MyLevel <= 2399 or SelectMonster == "Candy Rebel" then
																Mon = "Candy Rebel";
																LevelQuest = 2;
																NameQuest = "ChocQuest2";
																NameMon = "Candy Rebel";
																CFrameQuest = CFrame.new(150.50663757324, 30.693693161011, -12774.502929688);
																CFrameMon = CFrame.new(134.86563110352, 77.247680664062, -12876.547851562);
															elseif (MyLevel < 2400 or MyLevel > 2424) and SelectMonster ~= "Candy Pirate" then
																if MyLevel >= 2425 and MyLevel <= 2449 or SelectMonster == "Snow Demon" then
																	Mon = "Snow Demon";
																	LevelQuest = 2;
																	NameQuest = "CandyQuest1";
																	NameMon = "Snow Demon";
																	CFrameQuest = CFrame.new(-1150.0400390625, 20.378934860229, -14446.334960938);
																	CFrameMon = CFrame.new(-880.20062255859, 71.247764587402, -14538.609375);
																elseif MyLevel >= 2450 and MyLevel <= 2474 or SelectMonster == "Isle Outlaw" then
																	Mon = "Isle Outlaw";
																	LevelQuest = 1;
																	NameQuest = "TikiQuest1";
																	NameMon = "Isle Outlaw";
																	CFrameQuest = CFrame.new(-16547.748046875, 61.135334014893, -173.41360473633);
																	CFrameMon = CFrame.new(-16442.814453125, 116.13899993896, -264.46377563477);
																elseif (MyLevel < 2475 or MyLevel > 2524) and SelectMonster ~= "Island Boy" then
																	if MyLevel >= 2525 and MyLevel <= 2550 or SelectMonster == "Isle Champion" then
																		Mon = "Isle Champion";
																		LevelQuest = 2;
																		NameQuest = "TikiQuest2";
																		NameMon = "Isle Champion";
																		CFrameQuest = CFrame.new(-16539.078125, 55.686328887939, 1051.5738525391);
																		CFrameMon = CFrame.new(-16641.6796875, 235.78254699707, 1031.2829589844);
																	elseif (MyLevel < 2550 or MyLevel > 2574) and SelectMonster ~= "Serpent Hunter" then
																		if MyLevel >= 2575 or SelectMonster == "Skull Slayer" then
																			Mon = "Skull Slayer";
																			LevelQuest = 2;
																			NameQuest = "TikiQuest3";
																			NameMon = "Skull Slayer";
																			CFrameQuest = CFrame.new(-16665.1914, 104.596405, 1579.69434, .951068401, 0, -0.308980465, 0, 1, 0, .308980465, 0, .951068401);
																			CFrameMon = CFrame.new(-16855.043, 122.457253, 1478.15308, -0.999392271, 0, -0.0348687991, 0, 1, 0, .0348687991, 0, -0.999392271);
																		end;
																	else
																		Mon = "Serpent Hunter";
																		LevelQuest = 1;
																		NameQuest = "TikiQuest3";
																		NameMon = "Serpent Hunter";
																		CFrameQuest = CFrame.new(-16665.1914, 104.596405, 1579.69434, .951068401, 0, -0.308980465, 0, 1, 0, .308980465, 0, .951068401);
																		CFrameMon = CFrame.new(-16521.0625, 106.09285, 1488.78467, .469467044, 0, .882950008, 0, 1, 0, -0.882950008, 0, .469467044);
																	end;
																else
																	Mon = "Island Boy";
																	LevelQuest = 2;
																	NameQuest = "TikiQuest1";
																	NameMon = "Island Boy";
																	CFrameQuest = CFrame.new(-16547.748046875, 61.135334014893, -173.41360473633);
																	CFrameMon = CFrame.new(-16901.26171875, 84.067565917969, -192.88906860352);
																end;
															else
																Mon = "Candy Pirate";
																LevelQuest = 1;
																NameQuest = "CandyQuest1";
																NameMon = "Candy Pirate";
																CFrameQuest = CFrame.new(-1150.0400390625, 20.378934860229, -14446.334960938);
																CFrameMon = CFrame.new(-1310.5003662109, 26.016523361206, -14562.404296875);
															end;
														else
															Mon = "Cocoa Warrior";
															LevelQuest = 1;
															NameQuest = "ChocQuest1";
															NameMon = "Cocoa Warrior";
															CFrameQuest = CFrame.new(233.22836303711, 29.876001358032, -12201.233398438);
															CFrameMon = CFrame.new(-21.553283691406, 80.574996948242, -12352.387695312);
														end;
													else
														Mon = "Cake Guard";
														LevelQuest = 2;
														NameQuest = "CakeQuest1";
														NameMon = "Cake Guard";
														CFrameQuest = CFrame.new(-2021.32007, 37.7982254, -12028.7295, .957576931, -8.80302053e-08, .288177818, 6.9301187e-08, 1, 7.51931211e-08, -0.288177818, -5.2032135e-08, .957576931);
														CFrameMon = CFrame.new(-1598.3070068359, 43.773197174072, -12244.581054688);
													end;
												else
													Mon = "Peanut Scout";
													LevelQuest = 1;
													NameQuest = "NutsIslandQuest";
													NameMon = "Peanut Scout";
													CFrameQuest = CFrame.new(-2104.3908691406, 38.104167938232, -10194.21875, 0, 0, -1, 0, 1, 0, 1, 0, 0);
													CFrameMon = CFrame.new(-2143.2419433594, 47.721984863281, -10029.995117188);
												end;
											else
												Mon = "Living Zombie";
												LevelQuest = 2;
												NameQuest = "HauntedQuest1";
												NameMon = "Living Zombie";
												CFrameQuest = CFrame.new(-9479.2168, 141.215088, 5566.09277, 0, 0, 1, 0, 1, 0, -1, 0, 0);
												CFrameMon = CFrame.new(-10144.131835938, 138.6266784668, 5838.0888671875);
											end;
										else
											Mon = "Mythological Pirate";
											LevelQuest = 2;
											NameQuest = "DeepForestIsland";
											NameMon = "Mythological Pirate";
											CFrameQuest = CFrame.new(-13234.04, 331.488495, -7625.40137, .707134247, 0, -0.707079291, 0, 1, 0, .707079291, 0, .707134247);
											CFrameMon = CFrame.new(-13680.607421875, 501.08154296875, -6991.189453125);
										end;
									else
										Mon = "Forest Pirate";
										LevelQuest = 1;
										NameQuest = "DeepForestIsland";
										NameMon = "Forest Pirate";
										CFrameQuest = CFrame.new(-13234.04, 331.488495, -7625.40137, .707134247, 0, -0.707079291, 0, 1, 0, .707079291, 0, .707134247);
										CFrameMon = CFrame.new(-13274.478515625, 332.37814331055, -7769.5805664062);
									end;
								else
									Mon = "Fishman Raider";
									LevelQuest = 1;
									NameQuest = "DeepForestIsland3";
									NameMon = "Fishman Raider";
									CFrameQuest = CFrame.new(-10581.6563, 330.872955, -8761.18652, -0.882952213, 0, .469463557, 0, 1, 0, -0.469463557, 0, -0.882952213);
									CFrameMon = CFrame.new(-10407.526367188, 331.76263427734, -8368.5166015625);
								end;
							else
								Mon = "Marine Rear Admiral";
								LevelQuest = 2;
								NameQuest = "MarineTreeIsland";
								NameMon = "Marine Rear Admiral";
								CFrameQuest = CFrame.new(2481.0922851562, 74.270492553711, -6779.640625);
								CFrameMon = CFrame.new(3761.81006, 123.912003, -6823.52197, .961273968, 0, .275594592, 0, 1, 0, -0.275594592, 0, .961273968);
							end;
						else
							Mon = "Marine Commodore";
							LevelQuest = 1;
							NameQuest = "MarineTreeIsland";
							NameMon = "Marine Commodore";
							CFrameQuest = CFrame.new(2481.0922851562, 74.270492553711, -6779.640625);
							CFrameMon = CFrame.new(2577.25391, 75.6100006, -7739.87207, .499959469, 0, .866048813, 0, 1, 0, -0.866048813, 0, .499959469);
						end;
					else
						Mon = "Venomous Assailant";
						NameQuest = "VenomCrewQuest";
						LevelQuest = 2;
						NameMon = "Venomous Assailant";
						CFrameQuest = CFrame.new(5206.4018554688, 1004.1049804688, 748.35046386719);
						CFrameMon = CFrame.new(4674.92676, 1134.82654, 996.308838, .731321394, 0, -0.682033002, 0, 1, 0, .682033002, 0, .731321394);
					end;
				else
					Mon = "Hydra Enforcer";
					NameQuest = "VenomCrewQuest";
					LevelQuest = 1;
					NameMon = "Hydra Enforcer";
					CFrameQuest = CFrame.new(5206.4018554688, 1004.1049804688, 748.35046386719);
					CFrameMon = CFrame.new(4547.11523, 1003.10217, 334.194824, .388810456, 0, -0.921317935, 0, 1, 0, .921317935, 0, .388810456);
				end;
			else
				Mon = "Pistol Billionaire";
				LevelQuest = 2;
				NameQuest = "PiratePortQuest";
				NameMon = "Pistol Billionaire";
				CFrameQuest = CFrame.new(-450.104645, 107.681458, 5950.72607, .957107544, 0, -0.289732844, 0, 1, 0, .289732844, 0, .957107544);
				CFrameMon = CFrame.new(-54.8110352, 83.7698746, 5947.84082, -0.965929747, 0, .258804798, 0, 1, 0, -0.258804798, 0, -0.965929747);
			end;
		end;
	elseif (MyLevel < 700 or MyLevel > 724) and SelectMonster ~= "Raider" then
		if MyLevel >= 725 and MyLevel <= 774 or SelectMonster == "Mercenary" then
			Mon = "Mercenary";
			LevelQuest = 2;
			NameQuest = "Area1Quest";
			NameMon = "Mercenary";
			CFrameQuest = CFrame.new(-429.543518, 71.7699966, 1836.18188, -0.22495985, 0, -0.974368095, 0, 1, 0, .974368095, 0, -0.22495985);
			CFrameMon = CFrame.new(-1004.3244018555, 80.158866882324, 1424.6193847656);
		elseif MyLevel >= 775 and MyLevel <= 799 or SelectMonster == "Swan Pirate" then
			Mon = "Swan Pirate";
			LevelQuest = 1;
			NameQuest = "Area2Quest";
			NameMon = "Swan Pirate";
			CFrameQuest = CFrame.new(638.43811, 71.769989, 918.282898, .139203906, 0, .99026376, 0, 1, 0, -0.99026376, 0, .139203906);
			CFrameMon = CFrame.new(1068.6643066406, 137.61428833008, 1322.1060791016);
		elseif (MyLevel < 800 or MyLevel > 874) and SelectMonster ~= "Factory Staff" then
			if MyLevel >= 875 and MyLevel <= 899 or SelectMonster == "Marine Lieutenant" then
				Mon = "Marine Lieutenant";
				LevelQuest = 1;
				NameQuest = "MarineQuest3";
				NameMon = "Marine Lieutenant";
				CFrameQuest = CFrame.new(-2440.79639, 71.7140732, -3216.06812, .866007268, 0, .500031412, 0, 1, 0, -0.500031412, 0, .866007268);
				CFrameMon = CFrame.new(-2821.3723144531, 75.897277832031, -3070.0891113281);
			elseif MyLevel >= 900 and MyLevel <= 949 or SelectMonster == "Marine Captain" then
				Mon = "Marine Captain";
				LevelQuest = 2;
				NameQuest = "MarineQuest3";
				NameMon = "Marine Captain";
				CFrameQuest = CFrame.new(-2440.79639, 71.7140732, -3216.06812, .866007268, 0, .500031412, 0, 1, 0, -0.500031412, 0, .866007268);
				CFrameMon = CFrame.new(-1861.2310791016, 80.176582336426, -3254.6975097656);
			elseif (MyLevel < 950 or MyLevel > 974) and SelectMonster ~= "Zombie" then
				if MyLevel >= 975 and MyLevel <= 999 or SelectMonster == "Vampire" then
					Mon = "Vampire";
					LevelQuest = 2;
					NameQuest = "ZombieQuest";
					NameMon = "Vampire";
					CFrameQuest = CFrame.new(-5497.06152, 47.5923004, -795.237061, -0.29242146, 0, -0.95628953, 0, 1, 0, .95628953, 0, -0.29242146);
					CFrameMon = CFrame.new(-6037.66796875, 32.184638977051, -1340.6597900391);
				elseif (MyLevel < 1000 or MyLevel > 1049) and SelectMonster ~= "Snow Trooper" then
					if MyLevel >= 1050 and MyLevel <= 1099 or SelectMonster == "Winter Warrior" then
						Mon = "Winter Warrior";
						LevelQuest = 2;
						NameQuest = "SnowMountainQuest";
						NameMon = "Winter Warrior";
						CFrameQuest = CFrame.new(609.858826, 400.119904, -5372.25928, -0.374604106, 0, .92718488, 0, 1, 0, -0.92718488, 0, -0.374604106);
						CFrameMon = CFrame.new(1142.7451171875, 475.63980102539, -5199.4165039062);
					elseif MyLevel >= 1100 and MyLevel <= 1124 or SelectMonster == "Lab Subordinate" then
						Mon = "Lab Subordinate";
						LevelQuest = 1;
						NameQuest = "IceSideQuest";
						NameMon = "Lab Subordinate";
						CFrameQuest = CFrame.new(-6064.06885, 15.2422857, -4902.97852, .453972578, 0, -0.891015649, 0, 1, 0, .891015649, 0, .453972578);
						CFrameMon = CFrame.new(-5707.4716796875, 15.951709747314, -4513.3920898438);
					elseif MyLevel >= 1125 and MyLevel <= 1174 or SelectMonster == "Horned Warrior" then
						Mon = "Horned Warrior";
						LevelQuest = 2;
						NameQuest = "IceSideQuest";
						NameMon = "Horned Warrior";
						CFrameQuest = CFrame.new(-6064.06885, 15.2422857, -4902.97852, .453972578, 0, -0.891015649, 0, 1, 0, .891015649, 0, .453972578);
						CFrameMon = CFrame.new(-6341.3666992188, 15.951770782471, -5723.162109375);
					elseif (MyLevel < 1175 or MyLevel > 1199) and SelectMonster ~= "Magma Ninja" then
						if (MyLevel < 1200 or MyLevel > 1249) and SelectMonster ~= "Lava Pirate" then
							if MyLevel >= 1250 and MyLevel <= 1274 or SelectMonster == "Ship Deckhand" then
								Mon = "Ship Deckhand";
								LevelQuest = 1;
								NameQuest = "ShipQuest1";
								NameMon = "Ship Deckhand";
								CFrameQuest = CFrame.new(1037.80127, 125.092171, 32911.6016);
								CFrameMon = CFrame.new(1212.0111083984, 150.79205322266, 33059.24609375);
								if _G.AutoFarm and (CFrameQuest.Position - game.Players.LocalPlayer.Character.HumanoidRootPart.Position).Magnitude > 10000 then
									(game:GetService("ReplicatedStorage")).Remotes.CommF_:InvokeServer("requestEntrance", Vector3.new(923.21252441406, 126.9760055542, 32852.83203125));
